2.913000000000000000e+03 2.091000000000000000e+03
3.003000000000000000e+03 2.088000000000000000e+03
2.658000000000000000e+03 1.953000000000000000e+03
3.243000000000000000e+03 1.953000000000000000e+03
3.354000000000000000e+03 1.866000000000000000e+03
2.955000000000000000e+03 2.361000000000000000e+03
2.958000000000000000e+03 2.493000000000000000e+03
3.150000000000000000e+03 2.496000000000000000e+03
2.772000000000000000e+03 2.502000000000000000e+03
2.961000000000000000e+03 2.631000000000000000e+03
2.967000000000000000e+03 2.763000000000000000e+03
