2.913000000000000000e+03 3.540000000000000000e+02
3.000000000000000000e+03 3.540000000000000000e+02
2.658000000000000000e+03 2.160000000000000000e+02
3.246000000000000000e+03 2.070000000000000000e+02
3.366000000000000000e+03 1.140000000000000000e+02
2.961000000000000000e+03 6.240000000000000000e+02
2.964000000000000000e+03 7.560000000000000000e+02
3.159000000000000000e+03 7.560000000000000000e+02
2.778000000000000000e+03 7.590000000000000000e+02
2.964000000000000000e+03 8.910000000000000000e+02
2.967000000000000000e+03 1.029000000000000000e+03
