1.080000000000000000e+03 4.262000000000000000e+03
1.289000000000000000e+03 4.361000000000000000e+03
2.317000000000000000e+03 4.414000000000000000e+03
2.540000000000000000e+03 4.330000000000000000e+03
1.190000000000000000e+03 4.675000000000000000e+03
2.414000000000000000e+03 4.749000000000000000e+03
3.016000000000000000e+03 5.236000000000000000e+03
3.469000000000000000e+03 5.105000000000000000e+03
2.516000000000000000e+03 4.196000000000000000e+03
2.626000000000000000e+03 4.198000000000000000e+03
2.900000000000000000e+03 5.054000000000000000e+03
3.061000000000000000e+03 5.063000000000000000e+03
1.815000000000000000e+03 4.842000000000000000e+03
1.766000000000000000e+03 4.842000000000000000e+03
1.809000000000000000e+03 4.488000000000000000e+03
1.785000000000000000e+03 4.488000000000000000e+03
1.783000000000000000e+03 4.580000000000000000e+03
1.806000000000000000e+03 4.582000000000000000e+03
1.845000000000000000e+03 3.830000000000000000e+03
1.771000000000000000e+03 3.827000000000000000e+03
1.768000000000000000e+03 3.902000000000000000e+03
1.787000000000000000e+03 3.863000000000000000e+03
1.830000000000000000e+03 3.865000000000000000e+03
1.849000000000000000e+03 3.910000000000000000e+03
1.845000000000000000e+03 3.948000000000000000e+03
1.762000000000000000e+03 3.950000000000000000e+03
1.906000000000000000e+03 3.957000000000000000e+03
1.908000000000000000e+03 4.007000000000000000e+03
2.681000000000000000e+03 3.541000000000000000e+03
2.580000000000000000e+03 3.493000000000000000e+03
2.588000000000000000e+03 3.535000000000000000e+03
5.350000000000000000e+02 4.240000000000000000e+03
5.900000000000000000e+02 4.181000000000000000e+03
4.840000000000000000e+02 4.166000000000000000e+03
4.290000000000000000e+02 4.228000000000000000e+03
9.740000000000000000e+02 3.459000000000000000e+03
9.480000000000000000e+02 3.463000000000000000e+03
1.052000000000000000e+03 3.389000000000000000e+03
1.031000000000000000e+03 3.389000000000000000e+03
1.283000000000000000e+03 4.069000000000000000e+03
1.279000000000000000e+03 4.039000000000000000e+03
