5.670000000000000000e+02 6.220000000000000000e+02
7.050000000000000000e+02 6.530000000000000000e+02
1.296000000000000000e+03 6.730000000000000000e+02
1.439000000000000000e+03 6.460000000000000000e+02
6.880000000000000000e+02 7.490000000000000000e+02
1.306000000000000000e+03 7.690000000000000000e+02
1.516000000000000000e+03 8.730000000000000000e+02
1.739000000000000000e+03 8.520000000000000000e+02
1.448000000000000000e+03 5.940000000000000000e+02
1.517000000000000000e+03 5.950000000000000000e+02
1.497000000000000000e+03 8.400000000000000000e+02
1.568000000000000000e+03 8.400000000000000000e+02
1.007000000000000000e+03 7.910000000000000000e+02
9.810000000000000000e+02 7.900000000000000000e+02
1.006000000000000000e+03 6.970000000000000000e+02
9.940000000000000000e+02 6.960000000000000000e+02
9.900000000000000000e+02 7.230000000000000000e+02
1.002000000000000000e+03 7.220000000000000000e+02
1.036000000000000000e+03 4.200000000000000000e+02
9.800000000000000000e+02 4.180000000000000000e+02
9.790000000000000000e+02 4.630000000000000000e+02
9.890000000000000000e+02 4.390000000000000000e+02
1.024000000000000000e+03 4.420000000000000000e+02
1.036000000000000000e+03 4.650000000000000000e+02
1.038000000000000000e+03 4.890000000000000000e+02
9.760000000000000000e+02 4.840000000000000000e+02
1.078000000000000000e+03 4.950000000000000000e+02
1.078000000000000000e+03 5.150000000000000000e+02
1.788000000000000000e+03 2.290000000000000000e+02
1.726000000000000000e+03 1.870000000000000000e+02
1.706000000000000000e+03 2.250000000000000000e+02
2.290000000000000000e+02 6.070000000000000000e+02
2.400000000000000000e+02 5.860000000000000000e+02
1.680000000000000000e+02 5.790000000000000000e+02
1.590000000000000000e+02 6.020000000000000000e+02
2.330000000000000000e+02 1.650000000000000000e+02
2.120000000000000000e+02 1.650000000000000000e+02
2.690000000000000000e+02 9.400000000000000000e+01
2.450000000000000000e+02 9.400000000000000000e+01
6.630000000000000000e+02 5.390000000000000000e+02
6.480000000000000000e+02 5.250000000000000000e+02
