1.643000000000000000e+03 1.364000000000000000e+03
1.658000000000000000e+03 1.376000000000000000e+03
1.660000000000000000e+03 1.355000000000000000e+03
1.643000000000000000e+03 1.343000000000000000e+03
9.680000000000000000e+02 1.394000000000000000e+03
9.690000000000000000e+02 1.377000000000000000e+03
9.500000000000000000e+02 1.374000000000000000e+03
9.490000000000000000e+02 1.392000000000000000e+03
5.520000000000000000e+02 1.454000000000000000e+03
6.030000000000000000e+02 1.456000000000000000e+03
1.143000000000000000e+03 1.070000000000000000e+03
1.050000000000000000e+03 7.650000000000000000e+02
6.580000000000000000e+02 7.900000000000000000e+02
1.055000000000000000e+03 7.800000000000000000e+02
2.070000000000000000e+02 1.363000000000000000e+03
