1.584000000000000000e+03 7.040000000000000000e+02
1.593000000000000000e+03 7.110000000000000000e+02
1.600000000000000000e+03 6.970000000000000000e+02
1.591000000000000000e+03 6.880000000000000000e+02
9.810000000000000000e+02 7.260000000000000000e+02
9.820000000000000000e+02 7.130000000000000000e+02
9.650000000000000000e+02 7.100000000000000000e+02
9.650000000000000000e+02 7.240000000000000000e+02
6.240000000000000000e+02 7.700000000000000000e+02
6.680000000000000000e+02 7.720000000000000000e+02
1.154000000000000000e+03 4.390000000000000000e+02
1.071000000000000000e+03 9.100000000000000000e+01
6.270000000000000000e+02 1.220000000000000000e+02
1.075000000000000000e+03 1.090000000000000000e+02
3.060000000000000000e+02 7.010000000000000000e+02
