1.595000000000000000e+03 7.130000000000000000e+02
1.586000000000000000e+03 7.040000000000000000e+02
1.601000000000000000e+03 6.980000000000000000e+02
1.592000000000000000e+03 6.880000000000000000e+02
1.435000000000000000e+03 8.900000000000000000e+02
1.430000000000000000e+03 9.030000000000000000e+02
1.451000000000000000e+03 8.860000000000000000e+02
1.475000000000000000e+03 1.298000000000000000e+03
1.357000000000000000e+03 1.161000000000000000e+03
1.473000000000000000e+03 1.238000000000000000e+03
1.605000000000000000e+03 1.378000000000000000e+03
1.736000000000000000e+03 1.386000000000000000e+03
1.619000000000000000e+03 1.411000000000000000e+03
1.753000000000000000e+03 1.419000000000000000e+03
1.789000000000000000e+03 1.420000000000000000e+03
1.770000000000000000e+03 1.386000000000000000e+03
1.029000000000000000e+03 1.053000000000000000e+03
1.030000000000000000e+03 1.098000000000000000e+03
1.029000000000000000e+03 1.120000000000000000e+03
1.072000000000000000e+03 1.124000000000000000e+03
1.073000000000000000e+03 1.147000000000000000e+03
1.212000000000000000e+03 1.129000000000000000e+03
1.216000000000000000e+03 1.154000000000000000e+03
1.349000000000000000e+03 1.135000000000000000e+03
1.323000000000000000e+03 1.330000000000000000e+03
1.350000000000000000e+03 1.454000000000000000e+03
1.620000000000000000e+03 8.030000000000000000e+02
1.625000000000000000e+03 7.880000000000000000e+02
1.612000000000000000e+03 7.840000000000000000e+02
1.595000000000000000e+03 7.860000000000000000e+02
1.592000000000000000e+03 8.010000000000000000e+02
1.987000000000000000e+03 7.350000000000000000e+02
1.978000000000000000e+03 7.560000000000000000e+02
1.962000000000000000e+03 7.220000000000000000e+02
1.956000000000000000e+03 7.390000000000000000e+02
1.716000000000000000e+03 8.770000000000000000e+02
1.886000000000000000e+03 8.810000000000000000e+02
1.952000000000000000e+03 8.930000000000000000e+02
1.959000000000000000e+03 8.830000000000000000e+02
1.543000000000000000e+03 6.670000000000000000e+02
1.703000000000000000e+03 6.670000000000000000e+02
1.073000000000000000e+03 1.041000000000000000e+03
1.867000000000000000e+03 2.970000000000000000e+02
1.583000000000000000e+03 1.000000000000000000e+02
