5.070000000000000000e+02 6.860000000000000000e+02
4.950000000000000000e+02 6.830000000000000000e+02
5.030000000000000000e+02 6.700000000000000000e+02
4.920000000000000000e+02 6.650000000000000000e+02
4.510000000000000000e+02 9.110000000000000000e+02
4.550000000000000000e+02 9.250000000000000000e+02
4.660000000000000000e+02 9.000000000000000000e+02
6.760000000000000000e+02 1.229000000000000000e+03
5.190000000000000000e+02 1.194000000000000000e+03
6.480000000000000000e+02 1.181000000000000000e+03
7.950000000000000000e+02 1.207000000000000000e+03
8.690000000000000000e+02 1.140000000000000000e+03
8.130000000000000000e+02 1.219000000000000000e+03
8.890000000000000000e+02 1.153000000000000000e+03
9.090000000000000000e+02 1.134000000000000000e+03
8.890000000000000000e+02 1.121000000000000000e+03
7.600000000000000000e+01 1.367000000000000000e+03
1.100000000000000000e+02 1.414000000000000000e+03
1.270000000000000000e+02 1.436000000000000000e+03
1.860000000000000000e+02 1.399000000000000000e+03
2.030000000000000000e+02 1.421000000000000000e+03
3.580000000000000000e+02 1.275000000000000000e+03
3.780000000000000000e+02 1.294000000000000000e+03
4.980000000000000000e+02 1.177000000000000000e+03
5.710000000000000000e+02 1.362000000000000000e+03
6.510000000000000000e+02 1.439000000000000000e+03
5.680000000000000000e+02 7.540000000000000000e+02
5.670000000000000000e+02 7.410000000000000000e+02
5.550000000000000000e+02 7.410000000000000000e+02
5.410000000000000000e+02 7.490000000000000000e+02
5.460000000000000000e+02 7.630000000000000000e+02
7.810000000000000000e+02 5.890000000000000000e+02
7.820000000000000000e+02 6.070000000000000000e+02
7.620000000000000000e+02 5.860000000000000000e+02
7.640000000000000000e+02 6.020000000000000000e+02
6.700000000000000000e+02 7.780000000000000000e+02
7.760000000000000000e+02 7.250000000000000000e+02
8.150000000000000000e+02 7.110000000000000000e+02
8.140000000000000000e+02 7.000000000000000000e+02
4.410000000000000000e+02 6.620000000000000000e+02
5.730000000000000000e+02 6.130000000000000000e+02
1.330000000000000000e+02 1.314000000000000000e+03
5.380000000000000000e+02 2.710000000000000000e+02
1.860000000000000000e+02 1.070000000000000000e+02
