4.680000000000000000e+02 5.810000000000000000e+02
4.670000000000000000e+02 5.980000000000000000e+02
4.620000000000000000e+02 5.340000000000000000e+02
4.390000000000000000e+02 4.180000000000000000e+02
5.180000000000000000e+02 4.170000000000000000e+02
4.350000000000000000e+02 6.840000000000000000e+02
4.630000000000000000e+02 6.380000000000000000e+02
4.490000000000000000e+02 6.410000000000000000e+02
5.100000000000000000e+02 5.240000000000000000e+02
4.700000000000000000e+02 5.230000000000000000e+02
7.800000000000000000e+02 3.480000000000000000e+02
7.540000000000000000e+02 3.510000000000000000e+02
6.300000000000000000e+02 3.700000000000000000e+02
6.200000000000000000e+02 3.720000000000000000e+02
8.010000000000000000e+02 3.670000000000000000e+02
8.130000000000000000e+02 3.660000000000000000e+02
7.790000000000000000e+02 3.710000000000000000e+02
7.800000000000000000e+02 4.500000000000000000e+02
7.360000000000000000e+02 4.440000000000000000e+02
9.190000000000000000e+02 4.610000000000000000e+02
8.380000000000000000e+02 4.530000000000000000e+02
9.170000000000000000e+02 2.260000000000000000e+02
8.360000000000000000e+02 2.490000000000000000e+02
