8.600000000000000000e+01 6.280000000000000000e+02
8.700000000000000000e+01 6.490000000000000000e+02
7.900000000000000000e+01 5.760000000000000000e+02
4.900000000000000000e+01 4.430000000000000000e+02
1.530000000000000000e+02 4.400000000000000000e+02
4.000000000000000000e+01 7.530000000000000000e+02
8.300000000000000000e+01 6.990000000000000000e+02
6.000000000000000000e+01 7.030000000000000000e+02
1.410000000000000000e+02 5.620000000000000000e+02
9.200000000000000000e+01 5.640000000000000000e+02
4.460000000000000000e+02 3.710000000000000000e+02
4.200000000000000000e+02 3.740000000000000000e+02
2.870000000000000000e+02 3.910000000000000000e+02
2.750000000000000000e+02 3.930000000000000000e+02
4.690000000000000000e+02 3.890000000000000000e+02
4.790000000000000000e+02 3.900000000000000000e+02
4.440000000000000000e+02 3.940000000000000000e+02
4.490000000000000000e+02 4.720000000000000000e+02
4.020000000000000000e+02 4.690000000000000000e+02
5.810000000000000000e+02 4.800000000000000000e+02
5.070000000000000000e+02 4.760000000000000000e+02
5.790000000000000000e+02 2.590000000000000000e+02
5.060000000000000000e+02 2.750000000000000000e+02
