5.910000000000000000e+02 1.119000000000000000e+03
5.220000000000000000e+02 1.119000000000000000e+03
6.180000000000000000e+02 8.070000000000000000e+02
5.730000000000000000e+02 8.010000000000000000e+02
6.150000000000000000e+02 2.154000000000000000e+03
5.520000000000000000e+02 2.328000000000000000e+03
2.244000000000000000e+03 2.751000000000000000e+03
2.124000000000000000e+03 1.629000000000000000e+03
1.716000000000000000e+03 1.716000000000000000e+03
2.460000000000000000e+03 2.442000000000000000e+03
2.688000000000000000e+03 2.439000000000000000e+03
