3.246000000000000000e+03 1.587000000000000000e+03
3.177000000000000000e+03 1.587000000000000000e+03
3.267000000000000000e+03 1.272000000000000000e+03
3.222000000000000000e+03 1.266000000000000000e+03
3.279000000000000000e+03 2.610000000000000000e+03
3.207000000000000000e+03 2.781000000000000000e+03
4.908000000000000000e+03 3.216000000000000000e+03
4.773000000000000000e+03 2.067000000000000000e+03
4.362000000000000000e+03 2.160000000000000000e+03
5.130000000000000000e+03 2.898000000000000000e+03
5.355000000000000000e+03 2.883000000000000000e+03
