1.717000000000000000e+03 1.161000000000000000e+03
1.610000000000000000e+03 1.184000000000000000e+03
1.665000000000000000e+03 1.176000000000000000e+03
1.600000000000000000e+03 1.176000000000000000e+03
1.569000000000000000e+03 1.155000000000000000e+03
1.551000000000000000e+03 1.161000000000000000e+03
1.584000000000000000e+03 1.174000000000000000e+03
1.412000000000000000e+03 1.130000000000000000e+03
1.447000000000000000e+03 1.122000000000000000e+03
1.453000000000000000e+03 1.145000000000000000e+03
1.393000000000000000e+03 1.164000000000000000e+03
1.414000000000000000e+03 1.175000000000000000e+03
1.735000000000000000e+03 1.365000000000000000e+03
1.735000000000000000e+03 1.345000000000000000e+03
1.741000000000000000e+03 1.452000000000000000e+03
1.762000000000000000e+03 1.466000000000000000e+03
1.687000000000000000e+03 1.495000000000000000e+03
1.667000000000000000e+03 1.483000000000000000e+03
1.021000000000000000e+03 1.139000000000000000e+03
1.068000000000000000e+03 1.133000000000000000e+03
9.740000000000000000e+02 1.106000000000000000e+03
1.019000000000000000e+03 1.100000000000000000e+03
1.006000000000000000e+03 1.042000000000000000e+03
8.620000000000000000e+02 1.043000000000000000e+03
8.370000000000000000e+02 1.073000000000000000e+03
9.950000000000000000e+02 1.076000000000000000e+03
4.170000000000000000e+02 1.113000000000000000e+03
4.000000000000000000e+02 1.090000000000000000e+03
3.370000000000000000e+02 1.096000000000000000e+03
3.530000000000000000e+02 1.127000000000000000e+03
3.100000000000000000e+02 1.124000000000000000e+03
3.240000000000000000e+02 1.238000000000000000e+03
2.390000000000000000e+02 1.234000000000000000e+03
2.260000000000000000e+02 1.270000000000000000e+03
2.440000000000000000e+02 1.280000000000000000e+03
2.100000000000000000e+02 1.282000000000000000e+03
1.400000000000000000e+02 1.222000000000000000e+03
1.620000000000000000e+02 1.237000000000000000e+03
1.170000000000000000e+02 1.235000000000000000e+03
1.158000000000000000e+03 1.493000000000000000e+03
8.010000000000000000e+02 1.018000000000000000e+03
8.700000000000000000e+02 1.010000000000000000e+03
9.330000000000000000e+02 7.690000000000000000e+02
3.300000000000000000e+02 7.650000000000000000e+02
1.076000000000000000e+03 7.620000000000000000e+02
1.491000000000000000e+03 7.760000000000000000e+02
