1.644000000000000000e+03 5.140000000000000000e+02
1.543000000000000000e+03 5.390000000000000000e+02
1.593000000000000000e+03 5.320000000000000000e+02
1.531000000000000000e+03 5.320000000000000000e+02
1.506000000000000000e+03 5.150000000000000000e+02
1.489000000000000000e+03 5.180000000000000000e+02
1.517000000000000000e+03 5.300000000000000000e+02
1.364000000000000000e+03 4.900000000000000000e+02
1.395000000000000000e+03 4.840000000000000000e+02
1.397000000000000000e+03 5.060000000000000000e+02
1.335000000000000000e+03 5.220000000000000000e+02
1.355000000000000000e+03 5.330000000000000000e+02
1.611000000000000000e+03 6.880000000000000000e+02
1.614000000000000000e+03 6.720000000000000000e+02
1.596000000000000000e+03 7.520000000000000000e+02
1.611000000000000000e+03 7.630000000000000000e+02
1.541000000000000000e+03 7.860000000000000000e+02
1.528000000000000000e+03 7.770000000000000000e+02
9.840000000000000000e+02 5.060000000000000000e+02
1.032000000000000000e+03 5.000000000000000000e+02
9.360000000000000000e+02 4.750000000000000000e+02
9.830000000000000000e+02 4.680000000000000000e+02
9.690000000000000000e+02 4.100000000000000000e+02
8.230000000000000000e+02 4.140000000000000000e+02
7.990000000000000000e+02 4.430000000000000000e+02
9.590000000000000000e+02 4.430000000000000000e+02
3.840000000000000000e+02 4.880000000000000000e+02
3.650000000000000000e+02 4.660000000000000000e+02
2.980000000000000000e+02 4.740000000000000000e+02
3.230000000000000000e+02 5.020000000000000000e+02
2.810000000000000000e+02 4.990000000000000000e+02
3.240000000000000000e+02 6.030000000000000000e+02
2.430000000000000000e+02 6.030000000000000000e+02
2.430000000000000000e+02 6.330000000000000000e+02
2.620000000000000000e+02 6.420000000000000000e+02
2.280000000000000000e+02 6.460000000000000000e+02
1.420000000000000000e+02 5.880000000000000000e+02
1.700000000000000000e+02 6.050000000000000000e+02
1.250000000000000000e+02 6.060000000000000000e+02
1.103000000000000000e+03 7.890000000000000000e+02
7.590000000000000000e+02 3.870000000000000000e+02
8.310000000000000000e+02 3.780000000000000000e+02
8.820000000000000000e+02 9.600000000000000000e+01
1.780000000000000000e+02 9.400000000000000000e+01
1.047000000000000000e+03 8.400000000000000000e+01
1.509000000000000000e+03 1.050000000000000000e+02
