2.916000000000000000e+03 2.091000000000000000e+03
3.000000000000000000e+03 2.088000000000000000e+03
2.856000000000000000e+03 2.049000000000000000e+03
3.051000000000000000e+03 2.043000000000000000e+03
2.961000000000000000e+03 5.250000000000000000e+02
2.871000000000000000e+03 5.280000000000000000e+02
3.123000000000000000e+03 6.750000000000000000e+02
3.270000000000000000e+03 7.770000000000000000e+02
2.706000000000000000e+03 6.840000000000000000e+02
2.565000000000000000e+03 7.950000000000000000e+02
2.568000000000000000e+03 3.270000000000000000e+02
3.237000000000000000e+03 3.210000000000000000e+02
3.234000000000000000e+03 1.674000000000000000e+03
3.357000000000000000e+03 1.752000000000000000e+03
2.634000000000000000e+03 1.686000000000000000e+03
2.526000000000000000e+03 1.755000000000000000e+03
2.658000000000000000e+03 1.944000000000000000e+03
3.243000000000000000e+03 1.947000000000000000e+03
