3.180000000000000000e+03 3.201000000000000000e+03
3.258000000000000000e+03 3.195000000000000000e+03
3.123000000000000000e+03 3.159000000000000000e+03
3.315000000000000000e+03 3.156000000000000000e+03
3.213000000000000000e+03 1.635000000000000000e+03
3.123000000000000000e+03 1.632000000000000000e+03
3.381000000000000000e+03 1.785000000000000000e+03
3.528000000000000000e+03 1.884000000000000000e+03
2.970000000000000000e+03 1.791000000000000000e+03
2.826000000000000000e+03 1.905000000000000000e+03
2.832000000000000000e+03 1.449000000000000000e+03
3.498000000000000000e+03 1.425000000000000000e+03
3.501000000000000000e+03 2.781000000000000000e+03
3.621000000000000000e+03 2.859000000000000000e+03
2.901000000000000000e+03 2.793000000000000000e+03
2.778000000000000000e+03 2.871000000000000000e+03
2.919000000000000000e+03 3.051000000000000000e+03
3.501000000000000000e+03 3.045000000000000000e+03
