4.280000000000000000e+02 4.440000000000000000e+02
4.320000000000000000e+02 3.140000000000000000e+02
4.300000000000000000e+02 3.740000000000000000e+02
4.740000000000000000e+02 3.770000000000000000e+02
8.900000000000000000e+02 6.400000000000000000e+02
7.310000000000000000e+02 8.150000000000000000e+02
7.390000000000000000e+02 5.770000000000000000e+02
1.167000000000000000e+03 4.990000000000000000e+02
1.177000000000000000e+03 4.960000000000000000e+02
1.160000000000000000e+03 4.950000000000000000e+02
