1.630000000000000000e+02 4.370000000000000000e+02
1.710000000000000000e+02 2.960000000000000000e+02
1.660000000000000000e+02 3.610000000000000000e+02
2.220000000000000000e+02 3.670000000000000000e+02
6.350000000000000000e+02 6.370000000000000000e+02
4.740000000000000000e+02 8.250000000000000000e+02
4.950000000000000000e+02 5.770000000000000000e+02
8.910000000000000000e+02 4.990000000000000000e+02
9.000000000000000000e+02 4.940000000000000000e+02
8.840000000000000000e+02 4.960000000000000000e+02
