1883.000000 1229.000000
962.000000 1091.000000
582.000000 988.000000
596.000000 897.000000
1113.000000 1088.000000
1493.000000 1199.000000
1163.000000 1094.000000
985.000000 989.000000
800.000000 777.000000
545.000000 1235.000000
1123.000000 1078.000000
1080.000000 964.000000
993.000000 1002.000000
652.000000 873.000000
658.000000 1023.000000
629.000000 1012.000000
1457.000000 1187.000000
740.000000 988.000000
646.000000 873.000000
537.000000 907.000000
1611.000000 1446.000000
1361.000000 1284.000000
1628.000000 1236.000000
1709.000000 1461.000000
769.000000 1093.000000
467.000000 1012.000000
1123.000000 1111.000000
1904.000000 961.000000
265.000000 908.000000
1215.000000 1264.000000
870.000000 1031.000000
605.000000 1237.000000
852.000000 1044.000000
655.000000 1023.000000
622.000000 1116.000000
1459.000000 1196.000000
795.000000 1121.000000
791.000000 1121.000000
784.000000 978.000000
1360.000000 1281.000000
631.000000 906.000000
970.000000 881.000000
687.000000 1036.000000
858.000000 1128.000000
1471.000000 1168.000000
1239.000000 1072.000000
611.000000 1394.000000
634.000000 956.000000
1012.000000 1103.000000
688.000000 1130.000000
818.000000 1257.000000
1497.000000 1190.000000
1051.000000 1316.000000
910.000000 944.000000
677.000000 1025.000000
577.000000 866.000000
1688.000000 926.000000
781.000000 975.000000
957.000000 966.000000
1036.000000 1059.000000
726.000000 1015.000000
616.000000 969.000000
559.000000 917.000000
965.000000 1140.000000
800.000000 1122.000000
1701.000000 1468.000000
831.000000 1125.000000
1274.000000 876.000000
667.000000 784.000000
1885.000000 968.000000
1386.000000 946.000000
1427.000000 1252.000000
970.000000 875.000000
1084.000000 1034.000000
518.000000 1239.000000
620.000000 1130.000000
1212.000000 923.000000
624.000000 1128.000000
1175.000000 1265.000000
1013.000000 994.000000
590.000000 936.000000
556.000000 1035.000000
1159.000000 959.000000
1569.000000 1219.000000
1568.000000 1222.000000
1385.000000 1229.000000
758.000000 866.000000
1468.000000 1199.000000
590.000000 1152.000000
1005.000000 839.000000
1529.000000 1185.000000
1064.000000 1018.000000
737.000000 894.000000
743.000000 1171.000000
633.000000 901.000000
1493.000000 865.000000
1010.000000 1105.000000
836.000000 1125.000000
1409.000000 1224.000000
607.000000 1251.000000
706.000000 1252.000000
1106.000000 1103.000000
796.000000 928.000000
1436.000000 1259.000000
1490.000000 1467.000000
614.000000 1248.000000
919.000000 1100.000000
888.000000 1033.000000
1146.000000 954.000000
638.000000 944.000000
1570.000000 1366.000000
1465.000000 1389.000000
791.000000 1076.000000
1535.000000 1357.000000
1873.000000 1442.000000
930.000000 1127.000000
1065.000000 1197.000000
1420.000000 1418.000000
1112.000000 1061.000000
1014.000000 972.000000
914.000000 1099.000000
973.000000 1025.000000
891.000000 1034.000000
1192.000000 1073.000000
1649.000000 1313.000000
1089.000000 1034.000000
962.000000 1022.000000
1566.000000 1231.000000
620.000000 1247.000000
638.000000 1251.000000
1388.000000 1179.000000
1058.000000 1091.000000
748.000000 1051.000000
1067.000000 1197.000000
1443.000000 864.000000
357.000000 871.000000
569.000000 1096.000000
1107.000000 1106.000000
730.000000 1039.000000
852.000000 1362.000000
800.000000 1069.000000
866.000000 1033.000000
636.000000 1296.000000
602.000000 1250.000000
1401.000000 1207.000000
1171.000000 1102.000000
774.000000 919.000000
1939.000000 1285.000000
705.000000 1113.000000
1066.000000 1024.000000
653.000000 1023.000000
846.000000 1126.000000
329.000000 1361.000000
1062.000000 1091.000000
715.000000 986.000000
1345.000000 1270.000000
1814.000000 1241.000000
827.000000 867.000000
750.000000 1173.000000
1634.000000 1246.000000
1094.000000 1263.000000
882.000000 1351.000000
1198.000000 1038.000000
1524.000000 1197.000000
956.000000 1259.000000
640.000000 1121.000000
1124.000000 1370.000000
1453.000000 862.000000
592.000000 1223.000000
1710.000000 1243.000000
856.000000 1051.000000
1423.000000 1039.000000
1210.000000 952.000000
741.000000 985.000000
1203.000000 1076.000000
1637.000000 1307.000000
1052.000000 1375.000000
1069.000000 1031.000000
615.000000 1126.000000
128.000000 934.000000
503.000000 931.000000
687.000000 1367.000000
1790.000000 937.000000
797.000000 911.000000
1630.000000 1305.000000
914.000000 953.000000
1379.000000 1423.000000
406.000000 871.000000
510.000000 931.000000
562.000000 1419.000000
1506.000000 1406.000000
918.000000 1135.000000
1396.000000 870.000000
750.000000 941.000000
1164.000000 947.000000
797.000000 906.000000
717.000000 904.000000
731.000000 983.000000
921.000000 865.000000
814.000000 897.000000
1089.000000 957.000000
1217.000000 916.000000
200.000000 1159.000000
1697.000000 937.000000
1629.000000 896.000000
723.000000 962.000000
621.000000 886.000000
887.000000 1350.000000
1799.000000 969.000000
1878.000000 961.000000
975.000000 954.000000
683.000000 1319.000000
1512.000000 1406.000000
1162.000000 828.000000
707.000000 910.000000
731.000000 975.000000
831.000000 1052.000000
295.000000 947.000000
1095.000000 1036.000000
713.000000 908.000000
275.000000 1324.000000
701.000000 1040.000000
842.000000 1051.000000
1474.000000 1188.000000
1742.000000 942.000000
863.000000 1046.000000
1573.000000 938.000000
634.000000 1021.000000
746.000000 988.000000
777.000000 1068.000000
227.000000 1479.000000
1104.000000 1050.000000
1474.000000 1173.000000
751.000000 946.000000
835.000000 873.000000
1118.000000 1111.000000
961.000000 904.000000
701.000000 976.000000
1013.000000 963.000000
1047.000000 1015.000000
1853.000000 947.000000
659.000000 905.000000
1841.000000 945.000000
281.000000 1321.000000
1555.000000 1241.000000
1209.000000 1069.000000
1186.000000 964.000000
1570.000000 938.000000
1581.000000 1391.000000
709.000000 912.000000
1686.000000 889.000000
922.000000 901.000000
1457.000000 867.000000
1047.000000 965.000000
989.000000 838.000000
715.000000 1467.000000
1649.000000 928.000000
1346.000000 1416.000000
651.000000 943.000000
1170.000000 1078.000000
824.000000 894.000000
828.000000 896.000000
987.000000 1318.000000
340.000000 1147.000000
1585.000000 1398.000000
1150.000000 1099.000000
1452.000000 1357.000000
1105.000000 1118.000000
986.000000 961.000000
999.000000 957.000000
991.000000 959.000000
1004.000000 963.000000
399.000000 871.000000
1104.000000 1115.000000
1099.000000 1117.000000
1644.000000 888.000000
976.000000 1359.000000
1874.000000 903.000000
1564.000000 841.000000
478.000000 932.000000
434.000000 1385.000000
1795.000000 894.000000
374.000000 1147.000000
1612.000000 1423.000000
585.000000 1105.000000
1764.000000 1319.000000
721.000000 992.000000
1167.000000 939.000000
1043.000000 965.000000
1778.000000 968.000000
923.000000 944.000000
348.000000 1150.000000
1611.000000 1416.000000
1151.000000 1096.000000
1058.000000 916.000000
361.000000 1149.000000
1134.000000 1085.000000
1650.000000 1343.000000
1143.000000 1086.000000
450.000000 1293.000000
744.000000 993.000000
1072.000000 953.000000
928.000000 867.000000
1109.000000 1115.000000
585.000000 945.000000
1004.000000 960.000000
724.000000 970.000000
1586.000000 1319.000000
697.000000 1378.000000
748.000000 1064.000000
1007.000000 1105.000000
781.000000 980.000000
764.000000 1119.000000
1119.000000 1107.000000
670.000000 1028.000000
319.000000 1357.000000
1356.000000 946.000000
292.000000 1321.000000
909.000000 1133.000000
463.000000 1434.000000
743.000000 861.000000
834.000000 1300.000000
1021.000000 1082.000000
1466.000000 1184.000000
526.000000 945.000000
1723.000000 1199.000000
909.000000 949.000000
1170.000000 955.000000
937.000000 1308.000000
813.000000 1056.000000
1243.000000 867.000000
932.000000 902.000000
590.000000 988.000000
948.000000 1302.000000
1147.000000 1071.000000
962.000000 967.000000
1036.000000 1070.000000
797.000000 867.000000
1457.000000 1446.000000
666.000000 1024.000000
1195.000000 1066.000000
1783.000000 1374.000000
1102.000000 963.000000
980.000000 994.000000
235.000000 1374.000000
1199.000000 965.000000
1568.000000 1224.000000
350.000000 1146.000000
439.000000 1456.000000
1436.000000 907.000000
965.000000 904.000000
591.000000 1105.000000
780.000000 930.000000
763.000000 1096.000000
1068.000000 1092.000000
1496.000000 1206.000000
1080.000000 1095.000000
1061.000000 963.000000
635.000000 1016.000000
899.000000 1132.000000
1819.000000 1241.000000
1656.000000 928.000000
572.000000 1101.000000
688.000000 1126.000000
1849.000000 938.000000
789.000000 930.000000
706.000000 1299.000000
791.000000 919.000000
729.000000 855.000000
1650.000000 962.000000
1079.000000 1093.000000
1146.000000 1074.000000
1373.000000 946.000000
457.000000 1013.000000
447.000000 1189.000000
1814.000000 827.000000
1088.000000 960.000000
694.000000 1023.000000
598.000000 992.000000
597.000000 1109.000000
627.000000 956.000000
1033.000000 1069.000000
836.000000 1253.000000
1078.000000 870.000000
697.000000 1037.000000
972.000000 1007.000000
221.000000 1445.000000
775.000000 1119.000000
597.000000 936.000000
873.000000 1033.000000
931.000000 1368.000000
1168.000000 945.000000
669.000000 911.000000
696.000000 912.000000
1713.000000 862.000000
599.000000 994.000000
1033.000000 1059.000000
938.000000 953.000000
1004.000000 1107.000000
577.000000 992.000000
984.000000 833.000000
697.000000 1025.000000
743.000000 1046.000000
553.000000 991.000000
884.000000 1257.000000
685.000000 1373.000000
703.000000 964.000000
885.000000 1344.000000
