1842.000000 590.000000
974.000000 462.000000
580.000000 357.000000
579.000000 256.000000
1123.000000 459.000000
1480.000000 563.000000
1173.000000 464.000000
996.000000 357.000000
787.000000 109.000000
586.000000 594.000000
1134.000000 448.000000
1096.000000 330.000000
1004.000000 371.000000
635.000000 228.000000
664.000000 393.000000
633.000000 382.000000
1447.000000 552.000000
744.000000 357.000000
629.000000 228.000000
518.000000 268.000000
1538.000000 765.000000
1341.000000 636.000000
1599.000000 596.000000
1620.000000 777.000000
783.000000 463.000000
468.000000 383.000000
1132.000000 481.000000
1966.000000 326.000000
229.000000 270.000000
1209.000000 620.000000
879.000000 402.000000
643.000000 596.000000
862.000000 415.000000
661.000000 394.000000
641.000000 486.000000
1447.000000 561.000000
811.000000 491.000000
807.000000 491.000000
788.000000 346.000000
1341.000000 634.000000
617.000000 267.000000
980.000000 236.000000
695.000000 407.000000
872.000000 497.000000
1464.000000 534.000000
1250.000000 442.000000
668.000000 725.000000
629.000000 323.000000
1023.000000 473.000000
708.000000 500.000000
841.000000 614.000000
1484.000000 555.000000
1056.000000 663.000000
918.000000 309.000000
684.000000 396.000000
552.000000 220.000000
1749.000000 287.000000
785.000000 343.000000
967.000000 333.000000
1048.000000 430.000000
732.000000 385.000000
612.000000 337.000000
543.000000 279.000000
977.000000 509.000000
816.000000 492.000000
1611.000000 782.000000
846.000000 495.000000
1312.000000 230.000000
636.000000 119.000000
1943.000000 334.000000
1421.000000 310.000000
1408.000000 610.000000
980.000000 229.000000
1097.000000 404.000000
562.000000 598.000000
642.000000 500.000000
1238.000000 285.000000
645.000000 498.000000
1172.000000 621.000000
1025.000000 362.000000
579.000000 301.000000
563.000000 406.000000
1179.000000 324.000000
1547.000000 580.000000
1546.000000 583.000000
1371.000000 589.000000
749.000000 219.000000
1456.000000 563.000000
616.000000 520.000000
1019.000000 186.000000
1517.000000 551.000000
1077.000000 388.000000
730.000000 252.000000
764.000000 537.000000
619.000000 260.000000
1554.000000 216.000000
1021.000000 475.000000
850.000000 495.000000
1396.000000 585.000000
646.000000 608.000000
738.000000 609.000000
1116.000000 473.000000
796.000000 290.000000
1415.000000 615.000000
1430.000000 780.000000
652.000000 606.000000
931.000000 471.000000
898.000000 404.000000
1166.000000 319.000000
632.000000 309.000000
1518.000000 704.000000
1420.000000 722.000000
804.000000 447.000000
1488.000000 696.000000
1767.000000 763.000000
943.000000 496.000000
1072.000000 561.000000
1376.000000 744.000000
1124.000000 432.000000
1027.000000 339.000000
926.000000 470.000000
984.000000 395.000000
901.000000 405.000000
1203.000000 443.000000
1601.000000 661.000000
1102.000000 404.000000
973.000000 392.000000
1542.000000 591.000000
658.000000 605.000000
675.000000 609.000000
1382.000000 545.000000
1069.000000 461.000000
758.000000 422.000000
1074.000000 561.000000
1499.000000 215.000000
315.000000 227.000000
586.000000 467.000000
1117.000000 477.000000
739.000000 410.000000
878.000000 699.000000
811.000000 440.000000
876.000000 403.000000
679.000000 646.000000
642.000000 607.000000
1390.000000 570.000000
1179.000000 472.000000
771.000000 281.000000
1875.000000 638.000000
722.000000 483.000000
1079.000000 394.000000
659.000000 394.000000
860.000000 496.000000
415.000000 699.000000
1072.000000 461.000000
717.000000 354.000000
1329.000000 625.000000
1773.000000 601.000000
824.000000 220.000000
771.000000 540.000000
1602.000000 605.000000
1097.000000 619.000000
903.000000 691.000000
1213.000000 409.000000
1510.000000 561.000000
969.000000 615.000000
659.000000 491.000000
1120.000000 706.000000
1512.000000 213.000000
629.000000 584.000000
1675.000000 602.000000
867.000000 422.000000
1442.000000 409.000000
1233.000000 317.000000
744.000000 354.000000
1213.000000 447.000000
1591.000000 657.000000
1056.000000 710.000000
1082.000000 401.000000
636.000000 496.000000
94.000000 300.000000
487.000000 295.000000
732.000000 704.000000
1854.000000 299.000000
796.000000 271.000000
1585.000000 655.000000
922.000000 318.000000
1340.000000 748.000000
368.000000 227.000000
494.000000 295.000000
628.000000 744.000000
1454.000000 735.000000
931.000000 504.000000
1446.000000 222.000000
748.000000 305.000000
1185.000000 311.000000
795.000000 266.000000
709.000000 264.000000
734.000000 351.000000
927.000000 218.000000
813.000000 255.000000
1105.000000 322.000000
1245.000000 277.000000
245.000000 527.000000
1754.000000 299.000000
1694.000000 252.000000
722.000000 328.000000
603.000000 243.000000
908.000000 690.000000
1851.000000 335.000000
1939.000000 326.000000
986.000000 320.000000
723.000000 665.000000
1459.000000 735.000000
1194.000000 172.000000
700.000000 271.000000
732.000000 343.000000
842.000000 423.000000
273.000000 314.000000
1108.000000 406.000000
705.000000 269.000000
358.000000 669.000000
709.000000 411.000000
852.000000 422.000000
1463.000000 553.000000
1800.000000 305.000000
873.000000 417.000000
1622.000000 301.000000
639.000000 392.000000
749.000000 356.000000
789.000000 439.000000
353.000000 788.000000
1116.000000 421.000000
1466.000000 539.000000
750.000000 311.000000
834.000000 227.000000
1127.000000 481.000000
970.000000 263.000000
702.000000 344.000000
1026.000000 329.000000
1060.000000 384.000000
1917.000000 310.000000
648.000000 265.000000
1905.000000 308.000000
363.000000 667.000000
1530.000000 600.000000
1221.000000 440.000000
1207.000000 330.000000
1618.000000 301.000000
1523.000000 724.000000
702.000000 273.000000
1759.000000 244.000000
929.000000 260.000000
1514.000000 219.000000
1061.000000 331.000000
1001.000000 184.000000
765.000000 779.000000
1706.000000 289.000000
1311.000000 743.000000
644.000000 308.000000
1180.000000 449.000000
823.000000 252.000000
827.000000 254.000000
998.000000 665.000000
375.000000 516.000000
1525.000000 729.000000
1160.000000 469.000000
1414.000000 696.000000
1113.000000 488.000000
998.000000 327.000000
1011.000000 323.000000
1003.000000 325.000000
1017.000000 330.000000
360.000000 227.000000
1113.000000 485.000000
1108.000000 486.000000
1714.000000 243.000000
988.000000 697.000000
1959.000000 260.000000
1640.000000 187.000000
461.000000 297.000000
512.000000 718.000000
1877.000000 249.000000
408.000000 516.000000
1543.000000 748.000000
604.000000 475.000000
1704.000000 666.000000
724.000000 361.000000
1189.000000 302.000000
1057.000000 331.000000
1829.000000 334.000000
931.000000 308.000000
383.000000 519.000000
1544.000000 743.000000
1160.000000 466.000000
1074.000000 276.000000
396.000000 518.000000
1144.000000 456.000000
1595.000000 686.000000
1154.000000 457.000000
509.000000 644.000000
747.000000 362.000000
1087.000000 318.000000
935.000000 220.000000
1117.000000 485.000000
576.000000 311.000000
1016.000000 326.000000
725.000000 338.000000
1542.000000 666.000000
742.000000 713.000000
760.000000 435.000000
1018.000000 475.000000
785.000000 348.000000
781.000000 489.000000
1129.000000 477.000000
677.000000 399.000000
405.000000 696.000000
1389.000000 310.000000
372.000000 667.000000
922.000000 502.000000
545.000000 755.000000
732.000000 213.000000
858.000000 650.000000
1032.000000 452.000000
1456.000000 550.000000
514.000000 311.000000
1699.000000 563.000000
917.000000 314.000000
1191.000000 321.000000
952.000000 656.000000
824.000000 427.000000
1279.000000 219.000000
940.000000 261.000000
589.000000 357.000000
962.000000 651.000000
1158.000000 442.000000
972.000000 333.000000
1047.000000 441.000000
792.000000 220.000000
1405.000000 765.000000
672.000000 395.000000
1207.000000 437.000000
1706.000000 711.000000
1119.000000 329.000000
991.000000 363.000000
335.000000 709.000000
1220.000000 331.000000
1546.000000 585.000000
384.000000 515.000000
528.000000 771.000000
1482.000000 266.000000
975.000000 264.000000
610.000000 476.000000
779.000000 294.000000
777.000000 466.000000
1078.000000 462.000000
1481.000000 570.000000
1090.000000 465.000000
1076.000000 329.000000
640.000000 387.000000
912.000000 501.000000
1778.000000 601.000000
1713.000000 289.000000
590.000000 472.000000
707.000000 495.000000
1917.000000 300.000000
789.000000 293.000000
742.000000 649.000000
790.000000 281.000000
716.000000 206.000000
1696.000000 327.000000
1089.000000 463.000000
1157.000000 445.000000
1407.000000 310.000000
458.000000 384.000000
486.000000 554.000000
1926.000000 169.000000
1104.000000 326.000000
701.000000 393.000000
598.000000 361.000000
616.000000 480.000000
621.000000 322.000000
1044.000000 440.000000
858.000000 610.000000
1098.000000 223.000000
706.000000 408.000000
983.000000 376.000000
340.000000 763.000000
791.000000 489.000000
587.000000 300.000000
883.000000 404.000000
948.000000 705.000000
1189.000000 309.000000
658.000000 272.000000
688.000000 273.000000
1798.000000 212.000000
599.000000 364.000000
1045.000000 430.000000
947.000000 319.000000
1015.000000 477.000000
576.000000 362.000000
996.000000 179.000000
704.000000 396.000000
753.000000 417.000000
551.000000 361.000000
903.000000 613.000000
731.000000 709.000000
702.000000 331.000000
906.000000 686.000000
