5.130000000000000000e+02 7.660000000000000000e+02
4.510000000000000000e+02 6.300000000000000000e+02
4.390000000000000000e+02 6.390000000000000000e+02
4.410000000000000000e+02 7.440000000000000000e+02
4.500000000000000000e+02 7.300000000000000000e+02
1.006000000000000000e+03 6.300000000000000000e+02
9.740000000000000000e+02 6.110000000000000000e+02
7.670000000000000000e+02 5.950000000000000000e+02
5.760000000000000000e+02 5.960000000000000000e+02
5.780000000000000000e+02 5.780000000000000000e+02
7.660000000000000000e+02 5.770000000000000000e+02
6.730000000000000000e+02 5.360000000000000000e+02
1.038000000000000000e+03 7.600000000000000000e+01
1.024000000000000000e+03 9.000000000000000000e+01
1.042000000000000000e+03 1.100000000000000000e+02
1.029000000000000000e+03 1.190000000000000000e+02
4.810000000000000000e+02 2.490000000000000000e+02
4.770000000000000000e+02 2.450000000000000000e+02
4.790000000000000000e+02 2.650000000000000000e+02
4.740000000000000000e+02 2.630000000000000000e+02
6.760000000000000000e+02 4.180000000000000000e+02
7.410000000000000000e+02 4.180000000000000000e+02
7.480000000000000000e+02 3.540000000000000000e+02
8.200000000000000000e+02 3.610000000000000000e+02
5.350000000000000000e+02 3.780000000000000000e+02
6.120000000000000000e+02 3.770000000000000000e+02
6.130000000000000000e+02 4.460000000000000000e+02
