1.860000000000000000e+02 8.080000000000000000e+02
1.070000000000000000e+02 6.620000000000000000e+02
9.000000000000000000e+01 6.740000000000000000e+02
9.600000000000000000e+01 7.940000000000000000e+02
1.040000000000000000e+02 7.770000000000000000e+02
6.940000000000000000e+02 6.160000000000000000e+02
6.630000000000000000e+02 6.000000000000000000e+02
4.670000000000000000e+02 5.980000000000000000e+02
2.600000000000000000e+02 6.130000000000000000e+02
2.590000000000000000e+02 5.950000000000000000e+02
4.690000000000000000e+02 5.820000000000000000e+02
3.640000000000000000e+02 5.440000000000000000e+02
7.150000000000000000e+02 1.030000000000000000e+02
7.030000000000000000e+02 1.130000000000000000e+02
7.170000000000000000e+02 1.330000000000000000e+02
7.060000000000000000e+02 1.410000000000000000e+02
1.380000000000000000e+02 2.320000000000000000e+02
1.310000000000000000e+02 2.260000000000000000e+02
1.360000000000000000e+02 2.480000000000000000e+02
1.300000000000000000e+02 2.460000000000000000e+02
3.710000000000000000e+02 4.200000000000000000e+02
4.400000000000000000e+02 4.190000000000000000e+02
4.450000000000000000e+02 3.540000000000000000e+02
5.170000000000000000e+02 3.620000000000000000e+02
2.070000000000000000e+02 3.780000000000000000e+02
2.970000000000000000e+02 3.770000000000000000e+02
2.980000000000000000e+02 4.490000000000000000e+02
