4.734000000000000000e+03 2.253000000000000000e+03
4.764000000000000000e+03 2.358000000000000000e+03
4.905000000000000000e+03 2.442000000000000000e+03
4.782000000000000000e+03 9.270000000000000000e+02
4.785000000000000000e+03 1.035000000000000000e+03
4.761000000000000000e+03 1.152000000000000000e+03
5.007000000000000000e+03 8.280000000000000000e+02
5.127000000000000000e+03 8.280000000000000000e+02
5.622000000000000000e+03 5.850000000000000000e+02
5.622000000000000000e+03 4.170000000000000000e+02
