1.830000000000000000e+02 2.208000000000000000e+03
2.040000000000000000e+02 2.325000000000000000e+03
3.510000000000000000e+02 2.424000000000000000e+03
2.730000000000000000e+02 8.970000000000000000e+02
2.700000000000000000e+02 9.900000000000000000e+02
2.460000000000000000e+02 1.125000000000000000e+03
4.920000000000000000e+02 8.010000000000000000e+02
6.180000000000000000e+02 8.160000000000000000e+02
1.110000000000000000e+03 5.970000000000000000e+02
1.104000000000000000e+03 4.200000000000000000e+02
