2.790000000000000000e+03 3.060000000000000000e+03
3.354000000000000000e+03 3.123000000000000000e+03
3.069000000000000000e+03 3.087000000000000000e+03
3.156000000000000000e+03 3.987000000000000000e+03
3.612000000000000000e+03 3.159000000000000000e+03
3.807000000000000000e+03 3.174000000000000000e+03
3.837000000000000000e+03 2.982000000000000000e+03
4.086000000000000000e+03 2.901000000000000000e+03
3.852000000000000000e+03 3.051000000000000000e+03
4.110000000000000000e+03 3.177000000000000000e+03
