2.673000000000000000e+03 2.700000000000000000e+02
3.246000000000000000e+03 3.060000000000000000e+02
2.970000000000000000e+03 2.970000000000000000e+02
3.069000000000000000e+03 1.203000000000000000e+03
3.501000000000000000e+03 3.540000000000000000e+02
3.690000000000000000e+03 3.570000000000000000e+02
3.726000000000000000e+03 1.680000000000000000e+02
3.963000000000000000e+03 9.000000000000000000e+01
3.738000000000000000e+03 2.430000000000000000e+02
3.996000000000000000e+03 3.600000000000000000e+02
