8.720000000000000000e+02 7.650000000000000000e+02
1.024000000000000000e+03 1.365000000000000000e+03
1.024000000000000000e+03 1.344000000000000000e+03
1.283000000000000000e+03 1.433000000000000000e+03
1.261000000000000000e+03 1.433000000000000000e+03
1.328000000000000000e+03 1.376000000000000000e+03
1.245000000000000000e+03 1.442000000000000000e+03
1.220000000000000000e+03 1.442000000000000000e+03
1.220000000000000000e+03 1.460000000000000000e+03
9.740000000000000000e+02 1.526000000000000000e+03
9.490000000000000000e+02 1.522000000000000000e+03
1.077000000000000000e+03 2.330000000000000000e+03
1.287000000000000000e+03 2.427000000000000000e+03
1.183000000000000000e+03 2.740000000000000000e+03
1.281000000000000000e+03 2.125000000000000000e+03
1.269000000000000000e+03 2.091000000000000000e+03
5.290000000000000000e+02 2.300000000000000000e+03
5.790000000000000000e+02 2.243000000000000000e+03
4.790000000000000000e+02 2.227000000000000000e+03
4.250000000000000000e+02 2.288000000000000000e+03
9.160000000000000000e+02 2.518000000000000000e+03
8.290000000000000000e+02 2.515000000000000000e+03
8.220000000000000000e+02 1.244000000000000000e+03
9.220000000000000000e+02 7.660000000000000000e+02
1.031000000000000000e+03 7.680000000000000000e+02
1.204000000000000000e+03 7.680000000000000000e+02
7.730000000000000000e+02 1.238000000000000000e+03
7.560000000000000000e+02 1.220000000000000000e+03
7.320000000000000000e+02 1.238000000000000000e+03
4.750000000000000000e+02 2.298000000000000000e+03
9.540000000000000000e+02 1.771000000000000000e+03
9.700000000000000000e+02 1.598000000000000000e+03
1.047000000000000000e+03 2.268000000000000000e+03
1.074000000000000000e+03 2.268000000000000000e+03
