2.299000000000000000e+03 7.770000000000000000e+02
2.427000000000000000e+03 1.368000000000000000e+03
2.431000000000000000e+03 1.350000000000000000e+03
2.747000000000000000e+03 1.598000000000000000e+03
2.720000000000000000e+03 1.584000000000000000e+03
2.826000000000000000e+03 1.564000000000000000e+03
2.696000000000000000e+03 1.582000000000000000e+03
2.669000000000000000e+03 1.569000000000000000e+03
2.665000000000000000e+03 1.591000000000000000e+03
2.385000000000000000e+03 1.500000000000000000e+03
2.363000000000000000e+03 1.485000000000000000e+03
2.502000000000000000e+03 2.414000000000000000e+03
2.782000000000000000e+03 2.870000000000000000e+03
2.636000000000000000e+03 3.049000000000000000e+03
2.771000000000000000e+03 2.484000000000000000e+03
2.755000000000000000e+03 2.433000000000000000e+03
2.080000000000000000e+03 1.884000000000000000e+03
2.114000000000000000e+03 1.875000000000000000e+03
2.056000000000000000e+03 1.802000000000000000e+03
2.030000000000000000e+03 1.807000000000000000e+03
2.350000000000000000e+03 2.405000000000000000e+03
2.277000000000000000e+03 2.301000000000000000e+03
2.255000000000000000e+03 1.183000000000000000e+03
2.347000000000000000e+03 7.700000000000000000e+02
2.418000000000000000e+03 7.720000000000000000e+02
2.614000000000000000e+03 7.750000000000000000e+02
2.221000000000000000e+03 1.158000000000000000e+03
2.213000000000000000e+03 1.137000000000000000e+03
2.193000000000000000e+03 1.150000000000000000e+03
2.058000000000000000e+03 1.851000000000000000e+03
2.376000000000000000e+03 1.743000000000000000e+03
2.391000000000000000e+03 1.562000000000000000e+03
2.466000000000000000e+03 2.306000000000000000e+03
2.495000000000000000e+03 2.347000000000000000e+03
