2.820000000000000000e+03 1.749000000000000000e+03
3.312000000000000000e+03 1.761000000000000000e+03
2.847000000000000000e+03 2.154000000000000000e+03
3.165000000000000000e+03 2.163000000000000000e+03
2.901000000000000000e+03 2.613000000000000000e+03
3.381000000000000000e+03 2.655000000000000000e+03
2.904000000000000000e+03 3.225000000000000000e+03
3.627000000000000000e+03 1.893000000000000000e+03
3.825000000000000000e+03 1.902000000000000000e+03
3.678000000000000000e+03 2.406000000000000000e+03
3.873000000000000000e+03 2.421000000000000000e+03
3.894000000000000000e+03 2.160000000000000000e+03
4.131000000000000000e+03 2.076000000000000000e+03
3.894000000000000000e+03 2.250000000000000000e+03
4.152000000000000000e+03 2.364000000000000000e+03
