2.730000000000000000e+03 4.500000000000000000e+01
3.219000000000000000e+03 6.600000000000000000e+01
2.766000000000000000e+03 4.500000000000000000e+02
3.087000000000000000e+03 4.590000000000000000e+02
2.823000000000000000e+03 9.090000000000000000e+02
3.300000000000000000e+03 9.420000000000000000e+02
2.823000000000000000e+03 1.527000000000000000e+03
3.549000000000000000e+03 1.770000000000000000e+02
3.747000000000000000e+03 1.860000000000000000e+02
3.594000000000000000e+03 6.960000000000000000e+02
3.780000000000000000e+03 7.020000000000000000e+02
3.816000000000000000e+03 4.530000000000000000e+02
4.065000000000000000e+03 3.600000000000000000e+02
3.819000000000000000e+03 5.220000000000000000e+02
4.080000000000000000e+03 6.480000000000000000e+02
